%YAML:1.0
cameraMatrix: !!opencv-matrix
   rows: 3
   cols: 3
   dt: d
   data: [ 5.5834139000000005e+02, 0., 3.1476367099999999e+02, 0.,
       5.5838754300000005e+02, 2.4099229500000001e+02, 0., 0., 1. ]
distCoeffs: !!opencv-matrix
   rows: 5
   cols: 1
   dt: d
   data: [ 6.2567999999999999e-02, -9.6147999999999997e-02,
       1.3999999999999999e-04, -6.2480000000000001e-03, 0. ]
corners_x: !!opencv-matrix
   rows: 24 
   cols: 1
   dt: d
   data: [0, 0.08, 0.16, 0.24, 0.32, 0.40, 0.48, 0, 0.08, 0.16, 0.24, 0.32, 0.40, 0.48, 0, 0, 0, 0, 0, 0.48, 0.48, 0.48, 0.48, 0.48]
corners_y: !!opencv-matrix
   rows: 24
   cols: 1
   dt: d
   data: [0, 0, 0, 0, 0, 0, 0, 0.48, 0.48, 0.48, 0.48, 0.48, 0.48, 0.48, 0.08, 0.16, 0.24, 0.32, 0.40, 0.08, 0.16, 0.24, 0.32, 0.40 ]

captureNum: 10
distanceThresh: 0.2
